cccc
1    1 -5.515       -1 2  -3 $
2    2 -1.1628E-03  -1 3  -4 $
3    2 -1.0590E-03  -1 4  -5 $
4    2 -9.5734E-04  -1 5  -6 $
5    2 -8.6376E-04  -1 6  -7 
6    2 -7.7738E-04  -1 7  -8 
7    2 -6.9800E-04  -1 8  -9 
8    2 -6.2481E-04  -1 9  -10 
9    2 -5.5767E-04  -1 10 -11 
10   2 -4.9620E-04  -1 11 -12 
11   2 -4.4008E-04  -1 12 -13 
12   2 -3.6480E-04  -1 13 -14 
13   2 -3.1194E-04  -1 14 -15 
14   2 -2.6660E-04  -1 15 -16 
15   2 -2.2786E-04  -1 16 -17 
16   2 -1.9475E-04  -1 17 -18 
17   2 -1.6647E-04  -1 18 -19 
18   2 -1.4230E-04  -1 19 -20 
19   2 -1.2165E-04  -1 20 -21 
20   2 -1.0400E-04  -1 21 -22 
21   2 -8.8910E-05  -1 22 -23 
22   2 -7.5715E-05  -1 23 -24 
23   2 -6.4510E-05  -1 24 -25 
24   2 -5.5006E-05  -1 25 -26 
25   2 -4.6938E-05  -1 26 -27 
26   2 -4.0084E-05  -1 27 -28 
27   2 -3.4257E-05  -1 28 -29 
28   2 -2.9298E-05  -1 29 -30 
29   2 -2.5076E-05  -1 30 -31 
30   2 -2.1478E-05  -1 31 -32 
31   2 -1.8410E-05  -1 32 -33 
32   0              1:-2:33
                                                          
1    CZ     1E5             $
2    PZ     -5E5             $5
3    PZ     0                $0km
4    PZ     1E5              $1km
5    PZ     2E5              $2km
6    PZ     3E5              $3km
7    PZ     4E5              $4km
8    PZ     5E5              $5km
9    PZ     6E5              $6km
10   PZ     7E5              $7km
11   PZ     8E5              $8km
12   PZ     9E5              $9km
13   PZ     1E6              $10km
14   PZ     1.1E6            $11km
15   PZ     1.2E6            $12km
16   PZ     1.3E6            $13km
17   PZ     1.4E6            $14km
18   PZ     1.5E6            $15km
19   PZ     1.6E6            $16km
20   PZ     1.7E6            $17km
21   PZ     1.8E6            $18km
22   PZ     1.9E6            $19km
23   PZ     2.0E6            $20km
24   PZ     2.1E6            $21km
25   PZ     2.2E6            $22km
26   PZ     2.3E6            $23km
27   PZ     2.4E6            $24km
28   PZ     2.5E6            $25km
29   PZ     2.6E6            $26km
30   PZ     2.7E6            $27km
31   PZ     2.8E6            $28km
32   PZ     2.9E6            $29km
33   PZ     3.0E6            $30km
                                                            
MODE p 
imp:p 1 1 1 1 1 1 1 1 0 22r 0
m1  14000.60c -27.7 8016.66c -46.6 $                     
m2  7014.66c  0.7542 8016.66c 0.232 18000.59c 0.0138 
c  SDEF ERG=0.661 PAR=2 POS=0 0 1   
SDEF ERG=0.661 PAR=2 POS=D1 
SI1 L 97 100 1 102E2 100E2 1 99E2 104E2 1 105E2 102E2 1
SP1 0.25 0.25 0.25 0.25
f5:p 90 88 50 0 
f15:p 91 88 50 0  
f25:p 92 88 50 0
f35:p 93 88 50 0
f45:p 94 88 50 0
f55:p 95 88 50 0 
f65:p 96 88 50 0
f75:p 97 88 50 0
f85:p 98 88 50 0 
f95:p 99 88 50 0 
f105:p 100 88 50 0
f115:p 101 88 50 0
f125:p 102 88 50 0
f135:p 103 88 50 0
f145:p 104 88 50 0
f155:p 105 88 50 0
f165:p 106 88 50 0
f175:p 107 88 50 0
f185:p 108 88 50 0
f195:p 109 88 50 0
NPS   1e7      
